1	32.64018504	-96.98876074
2	32.68707391	-96.97513707
3	32.66395747	-96.97946905
4	32.64271606	-96.96709581
5	32.67724601	-96.94858673
6	32.73763723	-96.97207769
7	32.71769819	-96.96160048
8	32.73249163	-96.98948223
9	32.69507299	-96.95136338
10	33.00830899	-96.83562803
11	32.7712857	-96.90865592
12	32.75800342	-96.92156546
13	32.75759968	-96.90983251
14	32.74155058	-96.92319964
15	32.73168364	-96.93541792
16	32.74441115	-96.89597419
17	32.745779	-96.90653086
18	32.77112521	-96.88673705
19	32.7570419	-96.88521047
20	32.76286424	-96.89439106
21	32.7460448	-96.88597677
22	32.77186332	-96.86867486
23	32.77740133	-96.86384966
24	32.77158643	-96.86009333
25	32.76568545	-96.86548096
26	32.78237251	-96.86963492
27	32.78267168	-96.86082277
28	32.77594606	-96.85207999
29	32.76899898	-96.85216717
30	32.76112265	-96.85397599
31	32.7833183	-96.8523023
32	32.77577962	-96.84207095
33	32.76969576	-96.84274831
34	32.76614247	-96.84223764
35	32.77065523	-96.83084373
36	32.77641423	-96.82865451
37	32.77207119	-96.8227083
38	32.7804442	-96.84189733
39	32.78307284	-96.83069367
40	32.77750988	-96.81616858
41	32.76456124	-96.82992428
42	32.76626893	-96.81835086
43	32.76127965	-96.81966342
44	32.76758824	-96.81011711
45	32.76162351	-96.81166054
46	32.77111637	-96.80407036
47	32.76494564	-96.79878309
48	32.76100162	-96.79992839
49	32.75569806	-96.80362956
50	32.77087809	-96.79645079
51	32.76895054	-96.79857737
52	32.76535095	-96.79439981
53	32.75787612	-96.7919241
54	32.76749998	-96.79208487
55	32.76250443	-96.78889159
56	32.75523662	-96.78408663
57	32.77265078	-96.79349927
58	32.76961042	-96.78932527
59	32.76666816	-96.78484913
60	32.77355	-96.78932446
61	32.77129774	-96.78574544
62	32.76558745	-96.77855832
63	32.7620458	-96.7816454
64	32.77227883	-96.78128936
65	32.76523314	-96.76973424
66	32.76122122	-96.77314279
67	32.75848954	-96.77659266
68	32.76232801	-96.76675461
69	32.75360821	-96.76762097
70	32.74946386	-96.77269262
71	32.76948255	-96.77852886
72	32.76804821	-96.77276275
73	32.7724284	-96.76770293
74	32.77166904	-96.77562004
75	32.77614813	-96.77175745
76	32.77975816	-96.76944918
77	32.77512698	-96.7635887
78	32.7697417	-96.76466462
79	32.75927705	-96.7635335
80	32.76689616	-96.76042253
81	32.77668629	-96.75447297
82	32.77116234	-96.7528062
83	32.763834	-96.75573411
84	32.77641975	-96.74536008
85	32.77042083	-96.74293183
86	32.76359545	-96.74330911
87	32.75652556	-96.75768881
88	32.75351166	-96.76174087
89	32.78106987	-96.74261033
90	32.77192375	-96.73403586
91	32.63932459	-96.73957645
92	32.66246833	-96.745645
93	32.67029644	-96.73970041
94	32.67425906	-96.73313873
95	32.71627512	-96.70890577
96	32.72133713	-96.72515938
97	32.70383702	-96.72059639
98	32.73505523	-96.7427137
99	32.71654387	-96.74529876
100	32.73554943	-96.72666271
101	32.69635497	-96.73399005
102	32.74390535	-96.71556666
103	32.99434519	-96.77493772
104	32.99910833	-96.75765591
105	33.00006387	-96.77724393
106	32.99197788	-96.76222241
107	32.7719046	-96.7238735
108	32.7613441	-96.7356214
109	32.68984964	-96.74412114
110	32.6837326	-96.71146697
111	32.7503023	-96.73894308
112	32.75684333	-96.71795146
113	32.74241574	-96.70492489
114	32.73016009	-96.71338712
115	32.69104816	-96.68697442
116	32.7080502	-96.70509773
117	32.85910648	-96.71432511
118	32.83765695	-96.72293054
119	32.84303347	-96.7140243
120	32.82930669	-96.71211816
121	32.81821184	-96.72849105
122	32.85964534	-96.73523177
123	32.86849966	-96.73062152
124	32.88192596	-96.73218528
125	32.8756092	-96.72614888
126	32.86610312	-96.72716367
127	32.86345453	-96.72209525
128	32.90203302	-96.72360792
129	32.89762621	-96.72527149
130	32.8973462	-96.71865298
131	32.89518517	-96.73568915
132	32.89085803	-96.73266485
133	32.90503548	-96.73310169
134	32.91197409	-96.74089192
135	32.90642691	-96.72243237
136	32.85049464	-96.73580848
137	32.84021538	-96.73161071
138	32.79403559	-96.71881953
139	32.79979492	-96.7221377
140	32.78854414	-96.72321238
141	32.80165866	-96.73164152
142	32.79236107	-96.73337554
143	32.8112852	-96.71920545
144	32.78759322	-96.73334168
145	32.80701319	-96.71225086
146	32.7711635	-96.71532033
147	32.87132461	-96.73417323
148	32.87342633	-96.73787718
149	32.87955728	-96.74412463
150	32.88176918	-96.73834358
151	32.89074585	-96.7277764
152	32.88986133	-96.72292494
153	32.81114467	-96.73461153
154	32.8174918	-96.73308715
155	32.91194713	-96.73158063
156	32.90655209	-96.71390897
157	32.90171508	-96.71260488
158	32.73698773	-96.7036072
159	32.73088441	-96.70517496
160	32.78057954	-96.73308623
161	32.78108702	-96.72289774
162	32.77716863	-96.70906208
163	32.78840771	-96.71215599
164	32.92032281	-96.73800326
165	32.9212587	-96.74625372
166	32.71577193	-96.69344742
167	32.68963407	-96.66831406
168	32.66949772	-96.66473507
169	32.9203577	-96.72697935
170	32.92616923	-96.71499991
171	32.91484597	-96.71404312
172	32.91294206	-96.72315276
173	32.91596154	-96.73879982
174	32.91334113	-96.70535789
175	32.70898661	-96.69363132
176	32.89561599	-96.71499744
177	32.88969037	-96.71251096
178	32.88252691	-96.72720778
179	32.87304992	-96.72147057
180	32.8674947	-96.71433291
181	32.90422602	-96.70515785
182	32.89717919	-96.70599049
183	32.83897978	-96.70179273
184	32.86043716	-96.70467295
185	32.85312636	-96.7099444
186	32.84647415	-96.70644968
187	32.88277356	-96.72131145
188	32.87529121	-96.71329686
189	32.76667617	-96.709663
190	32.7681626	-96.70295665
191	32.76762757	-96.69565531
192	32.76085205	-96.69096788
193	32.75920227	-96.67792256
194	32.75435902	-96.69685244
195	32.76673637	-96.68685927
196	32.77304974	-96.67729752
197	32.76606113	-96.674366
198	32.77375064	-96.66896786
199	32.7658539	-96.66111258
200	32.76503999	-96.65155969
201	32.75610529	-96.66113824
202	32.75460849	-96.64424833
203	32.75213958	-96.65249014
204	32.74149324	-96.66129273
205	32.63957502	-96.94804982
206	32.62620833	-96.94926043
207	32.65231509	-96.88368
208	32.64981704	-96.87492836
209	32.64033102	-96.87200684
210	32.64003001	-96.86145002
211	32.6672114	-96.84840479
212	32.66698143	-96.86148164
213	32.65409164	-96.86145029
214	32.68209964	-96.86940406
215	32.68875598	-96.85173044
216	32.68328477	-96.85478629
217	32.69520135	-96.84811195
218	32.67676988	-96.85251692
219	32.66860093	-96.8748463
220	32.63883862	-96.84903444
221	32.69474302	-96.86567834
222	32.69710701	-96.85413545
223	32.70804512	-96.85278609
224	32.70163146	-96.86557958
225	32.69712401	-96.87649117
226	32.71266002	-96.86152407
227	32.71719254	-96.85286709
228	32.71668762	-96.84435998
229	32.70944381	-96.84438096
230	32.70214905	-96.84662194
231	32.76200993	-96.86527721
232	32.67764715	-96.84481246
233	32.66818122	-96.8345105
234	32.65811119	-96.84401416
235	32.65111566	-96.85236657
236	32.6459668	-96.84725704
237	32.65129293	-96.84400195
238	32.64507927	-96.83463016
239	32.73322998	-96.84440178
240	32.726841	-96.84949278
241	32.72979632	-96.84018822
242	32.72383955	-96.84093033
243	32.72184547	-96.86126742
244	32.72226142	-96.85083221
245	32.72644766	-96.86073817
246	32.73119651	-96.8534738
247	32.75298101	-96.86265933
248	32.7539856	-96.85163348
249	32.75798309	-96.85963742
250	32.7616844	-96.84679828
251	32.75646602	-96.84110285
252	32.63778417	-96.83181046
253	32.73814897	-96.84858929
254	32.73209109	-96.86028359
255	32.73809747	-96.86017447
256	32.73798092	-96.8548884
257	32.74384725	-96.85125501
258	32.74523398	-96.85990154
259	32.7477175	-96.84940269
260	32.75171247	-96.84308321
261	32.7464618	-96.84074661
262	32.73939981	-96.84099311
263	32.64496185	-96.82632253
264	32.65212335	-96.8269737
265	32.6450129	-96.81451568
266	32.65844528	-96.79468352
267	32.64225884	-96.76463727
268	32.65688737	-96.76085055
269	32.65300044	-96.77583551
270	32.69809238	-96.93906029
271	32.66626137	-96.94957535
272	32.65475591	-96.95321241
273	32.69158969	-96.93056194
274	32.71353253	-96.93701339
275	32.71229682	-96.92245321
276	32.70984365	-96.91467057
277	32.69876111	-96.91662597
278	32.72817874	-96.92494123
279	32.73301434	-96.90962658
280	32.71728416	-96.91119012
281	32.68380876	-96.91734096
282	32.69860702	-96.90514667
283	32.70096657	-96.89559046
284	32.69465594	-96.89821833
285	32.68376354	-96.90017321
286	32.70299454	-96.88390651
287	32.69572669	-96.88537052
288	32.68411866	-96.88700742
289	32.7119023	-96.87771244
290	32.70902125	-96.87008872
291	32.73821925	-96.9838107
292	32.6691661	-96.88678331
293	32.66028204	-96.88642091
294	32.6539325	-96.88895115
295	32.65911386	-96.8777175
296	32.65668759	-96.86950723
297	32.70995843	-96.89945564
298	32.71704789	-96.8999875
299	32.71166457	-96.88680746
300	32.71874958	-96.88183766
301	32.72831283	-96.8943874
302	32.73492218	-96.89487027
303	32.74041621	-96.88678274
304	32.7234949	-96.89713765
305	32.73626412	-96.88569399
306	32.73118131	-96.88617226
307	32.72437587	-96.88674077
308	32.73823988	-96.87659809
309	32.74012327	-96.86848183
310	32.73166794	-96.87832099
311	32.73190932	-96.86618198
312	32.72735842	-96.87158062
313	32.72418682	-96.87610203
314	32.724562	-96.87987782
315	32.72530066	-96.8664104
316	32.71653247	-96.86985547
317	32.74529104	-96.87766511
318	32.7521422	-96.87174433
319	32.74734317	-96.86925065
320	32.75763347	-96.8700052
321	32.62163537	-96.75999159
322	32.71684053	-96.83438042
323	32.70822114	-96.83383756
324	32.70163369	-96.84245844
325	32.69379074	-96.84231317
326	32.70296129	-96.83736804
327	32.69899237	-96.83429731
328	32.6957138	-96.8277345
329	32.70790184	-96.82613511
330	32.70413318	-96.81872818
331	32.69600841	-96.81897114
332	32.68813495	-96.81836814
333	32.69584822	-96.80959593
334	32.6865624	-96.80996734
335	32.68025998	-96.81903721
336	32.7039548	-96.8109446
337	32.71019702	-96.80665917
338	32.70475582	-96.80403589
339	32.71375563	-96.80154891
340	32.70917061	-96.79652135
341	32.69907096	-96.80078765
342	32.68815981	-96.80342222
343	32.68647159	-96.77913705
344	32.68209151	-96.79383211
345	32.67830587	-96.77604599
346	32.69058638	-96.7958157
347	32.69424536	-96.78854408
348	32.68977748	-96.78590334
349	32.7500927	-96.79184857
350	32.74701182	-96.78268751
351	32.7125179	-96.78893858
352	32.70365319	-96.793801
353	32.70775318	-96.78613872
354	32.70150944	-96.78578377
355	32.66350371	-96.77400788
356	32.66982637	-96.79985094
357	32.67490494	-96.78923751
358	32.67802142	-96.80076317
359	32.71854567	-96.80090534
360	32.71663988	-96.79338835
361	32.72639517	-96.79678419
362	32.72250545	-96.79091943
363	32.71504149	-96.78234601
364	32.69092483	-96.76047972
365	32.68030903	-96.75840053
366	32.6733085	-96.76912143
367	32.67216474	-96.75422399
368	32.66247292	-96.76635399
369	32.73467908	-96.79668827
370	32.73266636	-96.78911639
371	32.72385771	-96.77788009
372	32.74370386	-96.79699347
373	32.73844443	-96.79169894
374	32.73743664	-96.78367569
375	32.69619064	-96.77885178
376	32.73481631	-96.77235408
377	32.71862162	-96.76431469
378	32.74591917	-96.80491813
379	32.74408147	-96.791427
380	32.71830977	-96.7811429
381	32.71414654	-96.77176463
382	32.71114141	-96.77888895
383	32.74775878	-96.80690402
384	32.70633226	-96.77593049
385	32.71035513	-96.76522624
386	32.70269486	-96.76426075
387	32.69930211	-96.77249802
388	32.70773042	-96.75663155
389	32.69073603	-96.75017907
390	32.70665731	-96.75242827
391	32.71858287	-96.75797031
392	32.69931714	-96.74900079
393	32.73435606	-96.76232622
394	32.68112041	-96.83782208
395	32.67953386	-96.82817588
396	32.67209794	-96.82592009
397	32.66570026	-96.82624457
398	32.65976122	-96.83545152
399	32.65260678	-96.8356049
400	32.66862791	-96.81430583
401	32.65501434	-96.81446218
402	32.65931705	-96.82738378
403	32.68936603	-96.83469357
404	32.69238938	-96.83579153
405	32.67920484	-96.81035744
406	32.68380358	-96.83243038
407	32.65875155	-96.85248236
408	32.68670728	-96.84407352
409	32.74011059	-96.83491993
410	32.73576215	-96.83036656
411	32.73972436	-96.82684246
412	32.72781177	-96.83271071
413	32.74632455	-96.83483935
414	32.74217801	-96.82838837
415	32.71497895	-96.81876342
416	32.71655139	-96.82584242
417	32.74351777	-96.81934578
418	32.73903685	-96.81872522
419	32.72578918	-96.82778869
420	32.7476517	-96.81939259
421	32.74827744	-96.81271463
422	32.7441006	-96.82833786
423	32.74629701	-96.82370363
424	32.75214062	-96.82530498
425	32.74725778	-96.82830233
426	32.75202882	-96.82971831
427	32.75367228	-96.83406677
428	32.75699936	-96.82679431
429	32.75658209	-96.8189199
430	32.75238359	-96.81956744
431	32.76092853	-96.82640391
432	32.7167376	-96.81273549
433	32.71034789	-96.81877036
434	32.75373986	-96.81192118
435	32.73332114	-96.8176348
436	32.73414203	-96.81277651
437	32.72574756	-96.82453223
438	32.73347235	-96.80848922
439	32.74173221	-96.80773091
440	32.7378283	-96.80244024
441	32.73219775	-96.80249765
442	32.72473047	-96.8127058
443	32.74242671	-96.80160696
444	32.72604067	-96.81849654
445	32.71104919	-96.83689901
446	32.76276765	-96.83898147
447	32.71851952	-96.81871708
448	32.72152422	-96.81865522
449	32.7170071	-96.80793813
450	32.71000963	-96.81212126
451	32.72492005	-96.80305511
452	32.72410889	-96.8082481
453	32.75669301	-96.81338878
454	32.66839792	-96.77887363
455	32.74474789	-96.76280739
456	32.74377601	-96.75490642
457	32.75048824	-96.75410165
458	32.74253013	-96.7492842
459	32.76089161	-96.75144293
460	32.75666094	-96.74690973
461	32.88505522	-96.92317276
462	32.87960719	-96.91648854
463	32.86640524	-96.92210994
464	32.90308092	-96.90546075
465	32.89764425	-96.90236123
466	32.90161772	-96.8955606
467	32.90141706	-96.89166059
468	32.8910876	-96.8883275
469	32.88399384	-96.89267636
470	32.89114862	-96.8936646
471	32.89975109	-96.88551395
472	32.90640679	-96.88896703
473	32.89069013	-96.88268072
474	32.88393009	-96.88078907
475	32.89935206	-96.87657966
476	32.90654361	-96.88372748
477	32.90680809	-96.87663004
478	32.89188313	-96.87477036
479	32.91047488	-96.88067505
480	32.88408214	-96.87186832
481	32.84126118	-96.88449888
482	32.85228069	-96.88064805
483	32.85643978	-96.8963862
484	32.85149024	-96.86846691
485	32.84058379	-96.87282856
486	32.83493661	-96.87913785
487	32.80102062	-96.89001293
488	32.8172002	-96.89787141
489	32.79749446	-96.86439785
490	32.79936021	-96.84513878
491	32.79086609	-96.84607648
492	32.79306065	-96.87933483
493	32.80141843	-96.8375299
494	32.78895973	-96.82593668
495	32.79289503	-96.897758
496	32.78380024	-96.87849896
497	32.78943977	-96.86550912
498	32.80662232	-96.86140203
499	32.80616917	-96.88433022
500	32.81543836	-96.87546135
501	32.81039672	-96.84698893
502	32.81029434	-96.88485816
503	32.81789749	-96.88966225
504	32.82437849	-96.87565975
505	32.8026803	-96.82408542
506	32.91200381	-96.86856679
507	32.89884452	-96.8673003
508	32.82346836	-96.86775831
509	32.81896606	-96.86540962
510	32.81040726	-96.86747515
511	33.00654148	-96.86382894
512	32.89016265	-96.86623573
513	32.88389097	-96.86026605
514	32.87806607	-96.86059797
515	32.87827728	-96.87073244
516	32.84166792	-96.86564261
517	32.83780405	-96.85951056
518	32.83178919	-96.86844535
519	32.99487422	-96.86976506
520	32.9961797	-96.86280403
521	33.00811441	-96.85461126
522	32.99242385	-96.85893464
523	33.00322952	-96.84939932
524	32.84507276	-96.86043512
525	32.86043713	-96.86263247
526	32.86426682	-96.86766854
527	32.86437534	-96.85845272
528	32.86042416	-96.87411724
529	32.86422001	-96.87541618
530	32.87084379	-96.86283275
531	32.86460798	-96.85275175
532	32.8191558	-96.85630715
533	32.81521796	-96.85237252
534	32.87111921	-96.87021664
535	32.87432457	-96.87883343
536	32.78981552	-96.85267817
537	32.82425813	-96.85819357
538	32.91654756	-96.85108616
539	32.91325507	-96.85986898
540	32.90600129	-96.86014221
541	32.90596052	-96.86803432
542	32.81531745	-96.86052275
543	32.80568097	-96.81967817
544	32.79212207	-96.81384786
545	32.79468908	-96.8221014
546	32.85241542	-96.85728726
547	32.89879176	-96.85936123
548	32.89140126	-96.85932514
549	32.82927505	-96.86023793
550	32.86163882	-96.84424674
551	32.89873728	-96.85114494
552	32.89857095	-96.84221424
553	32.89137011	-96.8426131
554	32.89142606	-96.85150301
555	32.90227395	-96.83398051
556	32.90595263	-96.84487405
557	32.90595333	-96.85383587
558	32.91147246	-96.85101302
559	32.91325725	-96.84223596
560	32.9024243	-96.82417941
561	32.88981019	-96.82802282
562	32.88375941	-96.83224776
563	32.89823411	-96.81486148
564	32.88743122	-96.81479858
565	32.8729784	-96.81596087
566	32.89880207	-96.80735736
567	32.90573032	-96.80963516
568	32.89078918	-96.8063234
569	32.91471158	-96.81968317
570	32.91674624	-96.8141832
571	32.88328965	-96.80661759
572	32.89830157	-96.80021332
573	32.90576033	-96.7955887
574	32.91329499	-96.79510421
575	32.89825118	-96.79235031
576	32.90215647	-96.78375891
577	32.91645842	-96.78146458
578	32.92111015	-96.79189727
579	32.92821313	-96.78131992
580	32.9052001	-96.77458891
581	32.89891421	-96.77533677
582	32.89260006	-96.77369471
583	32.89072905	-96.78240751
584	32.90156706	-96.76766805
585	32.89261963	-96.7673551
586	32.89042153	-96.76218346
587	32.8982094	-96.75899883
588	32.88367079	-96.75418359
589	32.88053344	-96.75711301
590	32.8840919	-96.767755
591	32.90651038	-96.76576044
592	32.91390192	-96.75079859
593	32.90615484	-96.7548335
594	32.8973134	-96.74570568
595	32.88817294	-96.74799926
596	32.87290521	-96.74683686
597	32.88350407	-96.77387355
598	32.91594364	-96.76454893
599	32.91972628	-96.75662223
600	32.90483757	-96.74300031
601	32.90135237	-96.7537157
602	32.86137589	-96.9090999
603	32.87095552	-96.90366428
604	32.83074102	-96.87856596
605	32.78358897	-96.90978971
606	32.78101903	-96.89371804
607	32.77595648	-96.89496955
608	32.7868139	-96.88936163
609	32.7761561	-96.91304952
610	32.77766473	-96.87868235
611	32.86874613	-96.89385632
612	32.87815861	-96.90575655
613	32.88685716	-96.90008539
614	32.88697247	-96.90811314
615	32.87746075	-96.89411863
616	32.86734293	-96.88632184
617	32.87730357	-96.88741698
618	32.87315354	-96.88245339
619	32.85916889	-96.88518203
620	32.86403696	-96.88015244
621	32.85589468	-96.8750265
622	32.87097769	-96.91035948
623	32.85498071	-96.8784068
624	32.85755153	-96.86928329
625	32.86107344	-96.86696752
626	32.88387532	-96.88562188
627	32.83465814	-96.85537899
628	32.84172038	-96.84572468
629	32.83361561	-96.84992872
630	32.82824956	-96.84818877
631	32.82085231	-96.84496897
632	32.81558512	-96.83565982
633	32.83534184	-96.83940286
634	32.833816	-96.83480333
635	32.8280468	-96.83640806
636	32.82574941	-96.83899686
637	32.83032559	-96.83131704
638	32.83431633	-96.82663992
639	32.82628045	-96.8270041
640	32.82191984	-96.82132
641	32.82042513	-96.82939204
642	32.83020288	-96.82141652
643	32.81674325	-96.81438592
644	32.81389129	-96.82071894
645	32.83079001	-96.81734501
646	32.84100983	-96.81800407
647	32.82414399	-96.81454783
648	32.84084304	-96.82589641
649	32.8483361	-96.81703177
650	32.82451371	-96.80821855
651	32.83473519	-96.80820646
652	32.8272619	-96.79825321
653	32.82753406	-96.79032268
654	32.81593747	-96.7980564
655	32.81633458	-96.80062182
656	32.82152086	-96.80699761
657	32.83334531	-96.78454366
658	32.82489669	-96.78716665
659	32.81367694	-96.79577207
660	32.81167691	-96.80229539
661	32.81773958	-96.80453166
662	32.81968758	-96.81172842
663	32.83914728	-96.79671711
664	32.84617346	-96.80100228
665	32.8345139	-96.793996
666	32.84117468	-96.80963471
667	32.84811088	-96.8085126
668	32.85401317	-96.80041951
669	32.85402327	-96.80860331
670	32.85468772	-96.8174564
671	32.86181386	-96.81664074
672	32.86132905	-96.8001414
673	32.86946175	-96.79978232
674	32.86961159	-96.80757113
675	32.86350667	-96.81033824
676	32.87669687	-96.79981381
677	32.87698384	-96.80710559
678	32.88319679	-96.80016887
679	32.89057547	-96.80013446
680	32.8905068	-96.7916753
681	32.82924887	-96.78354178
682	32.80809121	-96.78995865
683	32.80377379	-96.79070122
684	32.80390141	-96.785151
685	32.80020144	-96.7866009
686	32.79914216	-96.79034531
687	32.80743813	-96.79710269
688	32.80273423	-96.79599797
689	32.8060192	-96.80141981
690	32.81212063	-96.79305891
691	32.81273462	-96.78876042
692	32.80054932	-96.80324663
693	32.81936864	-96.78924879
694	32.81627107	-96.78412424
695	32.81068153	-96.78563134
696	32.80005667	-96.7977953
697	32.79552209	-96.79617966
698	32.79556186	-96.7917919
699	32.79284811	-96.79471198
700	32.79498692	-96.80401362
701	32.80319511	-96.80756739
702	32.82031658	-96.79218176
703	32.8088709	-96.80544832
704	32.84749148	-96.79266123
705	32.79343571	-96.78863004
706	32.79213127	-96.80022599
707	32.78986198	-96.79810259
708	32.79127116	-96.79688587
709	32.78962791	-96.79505009
710	32.78908508	-96.79967428
711	32.79043749	-96.79327777
712	32.79031528	-96.80253964
713	32.78636929	-96.79624671
714	32.78577783	-96.79698699
715	32.78502233	-96.79800602
716	32.78365114	-96.79622439
717	32.78598049	-96.79962462
718	32.78420671	-96.79515662
719	32.78689783	-96.79829807
720	32.77642711	-96.79448813
721	32.77636586	-96.79692724
722	32.77423142	-96.79578373
723	32.77501269	-96.79968688
724	32.77852885	-96.79777825
725	32.77514201	-96.79288766
726	32.77591784	-96.79079766
727	32.8207635	-96.79598335
728	32.77739143	-96.79260696
729	32.78312608	-96.79735617
730	32.7844298	-96.79899421
731	32.78706089	-96.79546366
732	32.78543091	-96.79337196
733	32.78835966	-96.79656766
734	32.78827975	-96.79400786
735	32.78269349	-96.79342948
736	32.78240789	-96.79649891
737	32.78270385	-96.79503849
738	32.78161343	-96.79650003
739	32.78192545	-96.79501784
740	32.78086191	-96.79629588
741	32.78323765	-96.79065588
742	32.78291023	-96.79193849
743	32.78082578	-96.79473242
744	32.78013982	-96.79607728
745	32.78152698	-96.79318912
746	32.7803866	-96.79285818
747	32.77977799	-96.79440109
748	32.77946844	-96.79590663
749	32.77864932	-96.79565071
750	32.84224259	-96.79092252
751	32.84116854	-96.78361228
752	32.84860415	-96.78269802
753	32.84255726	-96.77802317
754	32.86117431	-96.79153308
755	32.85328163	-96.7899357
756	32.85486761	-96.79365073
757	32.77762769	-96.79528253
758	32.83318737	-96.77739955
759	32.82649701	-96.77928505
760	32.84332972	-96.76583141
761	32.83975792	-96.77421807
762	32.8377932	-96.77247342
763	32.83308375	-96.77221565
764	32.83924389	-96.76043617
765	32.8332193	-96.76582636
766	32.82669611	-96.77243732
767	32.82043886	-96.77958626
768	32.84366037	-96.7723571
769	32.83510132	-96.78059149
770	32.83291808	-96.7571573
771	32.84679187	-96.7572442
772	32.84164545	-96.74735843
773	32.83441812	-96.74793464
774	32.82554293	-96.74677526
775	32.83713567	-96.73914733
776	32.82860637	-96.73800511
777	32.81062676	-96.82872688
778	32.80805978	-96.82431763
779	32.81211767	-96.84124383
780	32.80632523	-96.83431644
781	32.77550109	-96.81146457
782	32.81360519	-96.81688726
783	32.78104864	-96.80968125
784	32.8174958	-96.8243182
785	32.80104667	-96.81319815
786	32.79003468	-96.8112545
787	32.783823	-96.80943926
788	32.79778745	-96.80703768
789	32.79786706	-96.80957201
790	32.79410525	-96.80721519
791	32.78497682	-96.84015434
792	32.77192565	-96.83490378
793	32.80722749	-96.84492065
794	32.82338243	-96.8418942
795	32.82969075	-96.85423144
796	32.8210794	-96.83401518
797	32.77466525	-96.80934015
798	32.77746313	-96.80810359
799	32.7834558	-96.80762077
800	32.79244929	-96.8098517
801	32.78693383	-96.8073606
802	32.78443963	-96.80691369
803	32.79633355	-96.8108939
804	32.7820757	-96.80739817
805	32.78249921	-96.80636472
806	32.78087577	-96.8051659
807	32.78515731	-96.80524821
808	32.78355569	-96.80398891
809	32.78230909	-96.80252931
810	32.78182477	-96.80424809
811	32.78258954	-96.80549274
812	32.78126041	-96.80192207
813	32.78106113	-96.8028819
814	32.7854708	-96.8024972
815	32.78672898	-96.8037548
816	32.78450205	-96.8015772
817	32.7836849	-96.8012216
818	32.7825688	-96.80083094
819	32.78259357	-96.79965243
820	32.78154865	-96.80057851
821	32.7844778	-96.80034273
822	32.7744392	-96.80606188
823	32.77470593	-96.80383633
824	32.77674346	-96.80631701
825	32.77676077	-96.80444917
826	32.77490533	-96.8022785
827	32.77745372	-96.8030039
828	32.77937965	-96.80706896
829	32.78047534	-96.80733658
830	32.78009357	-96.80370273
831	32.77985311	-96.80484605
832	32.77965406	-96.80572967
833	32.78044038	-96.802053
834	32.77919579	-96.80340063
835	32.77900186	-96.80507625
836	32.77894541	-96.80168473
837	32.77835629	-96.80444488
838	32.77863334	-96.80685617
839	32.77788732	-96.80663255
840	32.7776945	-96.8012635
841	32.77752105	-96.80462299
842	32.77967567	-96.801855
843	32.78005422	-96.80012599
844	32.78045623	-96.79820039
845	32.77953977	-96.79894114
846	32.77930118	-96.8000188
847	32.77777607	-96.79955216
848	32.78195928	-96.79863196
849	32.78080131	-96.80034251
850	32.7812064	-96.79841739
851	32.77981782	-96.79761688
852	32.77862389	-96.79982147
853	32.78318141	-96.79900598
854	32.7835968	-96.79978015
855	32.78265679	-96.79847897
856	32.79148699	-96.80566694
857	32.7888367	-96.80566113
858	32.79139648	-96.80418697
859	32.79601665	-96.80033436
860	32.78735612	-96.8013701
861	32.78828825	-96.80013483
862	32.78749226	-96.79759703
863	32.81243818	-96.80953388
864	32.81091943	-96.8156884
865	32.80808376	-96.81316193
866	32.80614273	-96.81019238
867	32.82934912	-96.8099713
868	32.81554848	-96.80704196
869	32.80464153	-96.81617256
870	32.85640804	-96.84246845
871	32.86895918	-96.84345441
872	32.87136211	-96.85207218
873	32.86932518	-96.83051043
874	32.87110356	-96.85858095
875	32.8578268	-96.82892576
876	32.84849069	-96.83433673
877	32.84992156	-96.84423121
878	32.87701661	-96.82969128
879	32.87774351	-96.84233487
880	32.8777598	-96.85141657
881	32.88404147	-96.84362369
882	32.88413461	-96.85249898
883	32.84118901	-96.83222328
884	32.84806687	-96.82574681
885	32.85925919	-96.80688973
886	32.86005746	-96.81024674
887	32.86383679	-96.80636901
888	32.80699823	-96.78127367
889	32.80030399	-96.77932437
890	32.7988851	-96.78099135
891	32.79773352	-96.78362835
892	32.80878526	-96.77539627
893	32.80273881	-96.77638587
894	32.79834509	-96.77458032
895	32.79475805	-96.78014013
896	32.80285646	-96.76915575
897	32.79596725	-96.76859145
898	32.79264193	-96.77211083
899	32.80663622	-96.77298244
900	32.80467307	-96.77127082
901	32.80944733	-96.77088316
902	32.80578759	-96.76557475
903	32.79905161	-96.76484893
904	32.79037452	-96.76527984
905	32.79716199	-96.75891605
906	32.79492786	-96.75599312
907	32.80952202	-96.756569
908	32.80157695	-96.76091736
909	32.7931812	-96.75178032
910	32.78773968	-96.74964921
911	32.81815824	-96.74434228
912	32.81499748	-96.7576714
913	32.81429778	-96.76595381
914	32.80972466	-96.76636899
915	32.82005392	-96.75710813
916	32.81047413	-96.75928688
917	32.82613252	-96.75736415
918	32.81297284	-96.74473878
919	32.80601967	-96.75652312
920	32.82013562	-96.76584391
921	32.82641581	-96.76585834
922	32.80600667	-96.75141504
923	32.78245524	-96.75478184
924	32.7855823	-96.7640395
925	32.78693415	-96.75791993
926	32.77937331	-96.76048653
927	32.78246927	-96.76796786
928	32.7873211	-96.74090767
929	32.80009111	-96.74996196
930	32.79730845	-96.74673123
931	32.79518497	-96.74125532
932	32.79223528	-96.74367543
933	32.8040126	-96.73960899
934	32.78430932	-96.78854424
935	32.78324243	-96.7876305
936	32.78180009	-96.78946714
937	32.785989	-96.79062769
938	32.79155171	-96.78707263
939	32.78868827	-96.78634129
940	32.79206272	-96.78217706
941	32.78774158	-96.78202585
942	32.78606316	-96.78530776
943	32.7842368	-96.78433905
944	32.7852477	-96.78078172
945	32.78156442	-96.78323024
946	32.77983281	-96.78523138
947	32.7908298	-96.77846787
948	32.78869112	-96.77517413
949	32.78252761	-96.78017521
950	32.78198969	-96.77659439
951	32.7769664	-96.77896991
952	32.77575282	-96.7806528
953	32.77909071	-96.77659762
954	32.78355963	-96.77234318
955	32.78656984	-96.77089911
956	32.78563851	-96.77686152
957	32.77806615	-96.78984723
958	32.77659697	-96.78811198
959	32.7750892	-96.78425213
960	32.77771542	-96.78652124
961	32.77982802	-96.78824625
962	32.78129674	-96.7914776
963	32.7794547	-96.79112958
964	32.77901291	-96.79396865
965	32.77806051	-96.79346721
966	32.81426805	-96.77378904
967	32.82038653	-96.77244859
968	32.81140399	-96.778371
969	32.80571733	-96.74393677
970	32.86946115	-96.79112467
971	32.86917479	-96.78192821
972	32.87629575	-96.78220054
973	32.86052722	-96.78404869
974	32.87669856	-96.79128726
975	32.88301433	-96.79154698
976	32.88364318	-96.78223756
977	32.8613116	-96.77355445
978	32.85401632	-96.78065166
979	32.86869142	-96.77348896
980	32.87625244	-96.77423633
981	32.86900869	-96.76836157
982	32.87653578	-96.76758611
983	32.87855864	-96.76292017
984	32.86152343	-96.76615575
985	32.86164924	-96.76911369
986	32.85410131	-96.77019153
987	32.86141425	-96.75940127
988	32.85619793	-96.76191119
989	32.8477895	-96.74863187
990	32.84846372	-96.76579121
991	32.85457382	-96.75516178
992	32.86432247	-96.75703787
993	32.86844845	-96.76487935
994	32.87494693	-96.75965214
995	32.86715433	-96.7564981
996	32.872396	-96.75476821
997	32.86799824	-96.75320302
998	32.8607556	-96.74867069
999	32.86664646	-96.74654334
1000	32.85985782	-96.74270168
1001	32.84844871	-96.77578225
1002	32.85447812	-96.77323796
1003	32.84798757	-96.77142564
1004	32.86193135	-96.77959893
1005	32.85374609	-96.76706087
1006	32.85200936	-96.74280599
1007	32.85399716	-96.74971918
1008	32.96632371	-96.81533836
1009	32.97951129	-96.8282949
1010	32.97294441	-96.81593895
1011	32.97973249	-96.80797235
1012	32.98215667	-96.82020919
1013	32.99252384	-96.8103186
1014	32.96216089	-96.81532563
1015	33.00281445	-96.82408657
1016	33.00845714	-96.82109312
1017	33.00736492	-96.80798476
1018	32.99358351	-96.81776403
1019	32.96105865	-96.80759882
1020	33.00348541	-96.80046424
1021	32.99322558	-96.80332752
1022	32.95671535	-96.79766947
1023	32.97029848	-96.79656644
1024	32.95154339	-96.80200158
1025	32.97809709	-96.8022458
1026	32.983108	-96.79391783
1027	32.94985052	-96.80782905
1028	32.91366312	-96.8075945
1029	32.9210702	-96.80046557
1030	32.91999673	-96.80745819
1031	32.92439917	-96.80745041
1032	32.92905359	-96.79200437
1033	32.94451917	-96.80855597
1034	32.94497823	-96.79727517
1035	32.95599066	-96.78904307
1036	32.93637749	-96.79465079
1037	32.94431699	-96.78865262
1038	32.93598054	-96.80892292
1039	32.92969705	-96.80764112
1040	32.9361791	-96.8179066
1041	32.94380182	-96.8167534
1042	32.95732051	-96.81599598
1043	32.92415693	-96.81578435
1044	32.92947935	-96.81947854
1045	32.99176506	-96.79734385
1046	32.99997607	-96.79091159
1047	33.00622491	-96.78901199
1048	32.96682834	-96.78855681
1049	32.97484662	-96.7866568
1050	32.96617037	-96.7823546
1051	32.97493083	-96.78168426
1052	32.96534498	-96.77379653
1053	32.97355638	-96.77360908
1054	32.95910674	-96.77393341
1055	32.95631849	-96.78253163
1056	32.92120425	-96.83367915
1057	32.92026428	-96.84252416
1058	32.91182397	-96.82616841
1059	32.9127866	-96.83411064
1060	32.91762194	-96.82621621
1061	32.92334728	-96.82456517
1062	32.94417363	-96.82067453
1063	32.9316571	-96.81513303
1064	32.92943848	-96.8004086
1065	32.90637812	-96.8161819
1066	32.92848287	-96.8146966
1067	32.94086551	-96.80909116
1068	32.99247909	-96.84974414
1069	32.99512706	-96.84153387
1070	33.00164892	-96.84028695
1071	32.99494518	-96.83378906
1072	32.98984591	-96.8338276
1073	32.99010073	-96.84168625
1074	32.99313802	-96.82508387
1075	32.93724279	-96.78040032
1076	32.94506373	-96.78211068
1077	32.93187676	-96.77766786
1078	32.93355003	-96.77217329
1079	32.94299049	-96.77357591
1080	32.92721146	-96.76514138
1081	32.92601302	-96.7726913
1082	32.9216491	-96.77200971
1083	32.91921973	-96.76763392
1084	32.93096836	-96.76559727
1085	32.93617203	-96.76521828
1086	32.94837584	-96.77374219
1087	32.91165011	-96.7723223
1088	32.91617378	-96.7709334
1089	32.95346458	-96.77366093
1090	32.92865135	-96.75420074
1091	32.93711568	-96.75158208
1092	32.9353995	-96.75949089
1093	32.93332557	-96.75709811
1094	32.9301595	-96.74640668
1095	32.92228915	-96.77581975
1096	32.91720678	-96.77435548
1097	32.9133657	-96.76012102
1098	32.93836837	-96.75463805
1099	32.99203623	-96.78697111
1100	32.98262528	-96.78201491
1101	32.98242517	-96.77347178
1102	32.98894411	-96.77285338
1103	32.64790768	-96.63319375
1104	32.69758665	-96.5854372
1105	32.68584461	-96.60071508
1106	32.67562628	-96.61189286
1107	32.69542308	-96.60744146
1108	32.68731605	-96.61673203
1109	32.70109426	-96.59636179
1110	32.67766209	-96.63184162
1111	32.68840641	-96.57251975
1112	32.6684012	-96.59897145
1113	32.67791161	-96.58948985
1114	32.70871122	-96.68661476
1115	32.6949101	-96.64767427
1116	32.68777468	-96.64821025
1117	32.7016479	-96.67863156
1118	32.70080215	-96.6646352
1119	32.70752616	-96.66191728
1120	32.70509311	-96.65262074
1121	32.7134187	-96.67327797
1122	32.71503099	-96.66083411
1123	32.72689452	-96.65272258
1124	32.71415847	-96.65281164
1125	32.70004791	-96.63857253
1126	32.73821747	-96.65256968
1127	32.73044449	-96.66828194
1128	32.72606809	-96.66099027
1129	32.72358134	-96.67073997
1130	32.72695515	-96.67863901
1131	32.73884905	-96.6698865
1132	32.74609015	-96.66977418
1133	32.75152994	-96.66967296
1134	32.75882848	-96.66927601
1135	32.72689807	-96.64381046
1136	32.71237573	-96.64378131
1137	32.74545199	-96.65275438
1138	32.73800624	-96.64424836
1139	32.72250452	-96.70212551
1140	32.72340813	-96.71191146
1141	32.72747761	-96.69400289
1142	32.73775776	-96.6948621
1143	32.73896526	-96.68658862
1144	32.72191708	-96.68544843
1145	32.71729825	-96.68687798
1146	32.70753618	-96.67868494
1147	32.74529174	-96.69612837
1148	32.74578736	-96.68750507
1149	32.74543494	-96.67854746
1150	32.73819445	-96.67845446
1151	32.72975098	-96.68572097
1152	32.75237108	-96.68925446
1153	32.75408292	-96.68541833
1154	32.75190127	-96.67850199
1155	32.67551335	-96.64801297
1156	32.74522712	-96.64394841
1157	32.75855403	-96.65261767
1158	32.89870305	-96.69610434
1159	32.88578762	-96.69211238
1160	32.84513221	-96.69827683
1161	32.83209187	-96.69603434
1162	32.82876678	-96.70279121
1163	32.83844522	-96.69132445
1164	32.85941285	-96.69640952
1165	32.84934816	-96.69326738
1166	32.84433374	-96.68658363
1167	32.85275206	-96.68704691
1168	32.84698343	-96.67833512
1169	32.83956206	-96.67828241
1170	32.83488952	-96.68458803
1171	32.83027133	-96.67941748
1172	32.840607	-96.67002327
1173	32.83745899	-96.66570691
1174	32.83248163	-96.67129032
1175	32.82565332	-96.67258783
1176	32.84087979	-96.65767256
1177	32.83162399	-96.66174529
1178	32.78512916	-96.67575397
1179	32.77221441	-96.6600448
1180	32.80361579	-96.67654341
1181	32.82534624	-96.66353885
1182	32.8109596	-96.67522473
1183	32.81751441	-96.68061077
1184	32.81785494	-96.67151221
1185	32.82320575	-96.68115788
1186	32.84716198	-96.66941884
1187	32.84641489	-96.66340222
1188	32.84460593	-96.6485841
1189	32.85322643	-96.67241834
1190	32.85316475	-96.65910327
1191	32.85928351	-96.6700111
1192	32.84901344	-96.64360301
1193	32.86549512	-96.66669716
1194	32.80812358	-96.66659563
1195	32.85978349	-96.65999853
1196	32.79304279	-96.70575183
1197	32.79670306	-96.7122666
1198	32.79788941	-96.69924234
1199	32.80237551	-96.6919566
1200	32.79443553	-96.69032841
1201	32.78852058	-96.70278973
1202	32.80169923	-96.70782649
1203	32.82120517	-96.70215413
1204	32.8172721	-96.69709939
1205	32.82718572	-96.69139103
1206	32.82318151	-96.68750995
1207	32.81195144	-96.68906569
1208	32.8102383	-96.69453143
1209	32.80242181	-96.68560471
1210	32.8061857	-96.70144625
1211	32.81189224	-96.7055679
1212	32.81751421	-96.71189908
1213	32.8152801	-96.68609874
1214	32.78171392	-96.69190809
1215	32.77432122	-96.68822453
1216	32.77512265	-96.69710294
1217	32.78879109	-96.69208581
1218	32.78213092	-96.70624482
1219	32.77177887	-96.70813447
1220	32.82368945	-96.70914084
1221	32.88250538	-96.71350496
1222	32.86747261	-96.7074839
1223	32.87530134	-96.70439256
1224	32.86838647	-96.70269286
1225	32.88278512	-96.70474516
1226	32.8711786	-96.69702872
1227	32.88125074	-96.69637359
1228	32.87552283	-96.68858109
1229	32.87147731	-96.68926586
1230	32.86694437	-96.68833731
1231	32.85982981	-96.68775625
1232	32.86798595	-96.67694894
1233	32.85885774	-96.67887163
1234	32.89133057	-96.70458709
1235	32.81850776	-96.66386209
1236	32.92488501	-96.70896701